3.000000,2.500000,3560.000000,1965.000000
2.000000,1.000000,1160.000000,1942.000000
3.000000,1.000000,1430.000000,1927.000000
716559 
194430 
323391

4.000000,2.500000,1910.000000,1921.000000
5.000000,3.250000,3160.000000,1960.000000
3.000000,1.500000,2020.000000,1956.000000
4.000000,3.750000,3210.000000,1985.000000
3.000000,2.250000,2350.000000,1977.000000
4.000000,2.500000,1910.000000,1994.000000
2.000000,1.000000,840.000000,1954.000000
4.000000,2.250000,2620.000000,1965.000000
4.000000,1.500000,1220.000000,1965.000000
3.000000,1.000000,1060.000000,1927.000000
631398 
877279 
548063 
919857 
636695 
378317 
214853 
688842 
183182 
302917 

4.000000,2.000000,1830.000000,1908.000000
3.000000,2.000000,1560.000000,1967.000000
4.000000,1.750000,1730.000000,1977.000000
3.000000,2.500000,1930.000000,2005.000000
3.000000,2.250000,1422.000000,2012.000000
3.000000,2.000000,1380.000000,1917.000000
3.000000,2.500000,2430.000000,2001.000000
4.000000,2.500000,2610.000000,1987.000000
3.000000,2.250000,2000.000000,1996.000000
2.000000,1.000000,920.000000,1949.000000
602139 
400917 
341843 
423525 
236129 
503600 
583240 
617828 
456184 
266566 

